20.12
20.10
20.00
20.20
20.10
20.20
20.40
20.60
20.50
20.60
20.80
21.00
21.30
21.60
21.50
21.30
21.70
21.90
22.10
23.20
23.30
23.40
23.20
23.30
23.10
23.91
24.52
25.13
26.37
27.87
29.45
29.57
29.91
30.22
30.33
30.54
30.67
30.60
30.45
30.54
30.33
30.44
30.39
30.20
29.92
29.91
29.76
29.77
29.61
29.50
29.44
29.20
28.77
28.45
28.20
28.49
27.99
28.25
27.87
27.30
26.67
25.34
25.27
25.19
24.11
24.02
23.87
23.45
23.21
23.28
23.01
22.78
22.55
22.43
22.36
21.67
21.33
21.12 
20.78 
20.67 
20.54
20.51
20.49
20.45
20.41
20.37
20.34
20.29
20.21
20.15
20.11
20.09
20.01
20.00


